  -3.8441108510245504E-017  -2.1005703160646866E-017  -3.1492739608831752E-018  -2.3863680850998758E-019   5.9438630072353151E-020  -4.3528729400942195E-020
  -2.1005703160646866E-017  -8.7458783929505809E-018  -1.0622169984578422E-017  -1.5449176654054113E-018  -1.4108276895546361E-019   4.5682035187375798E-020
  -3.1492739608831752E-018  -1.0622169984578422E-017   2.9006416430368436E-017  -1.0524615945023905E-017  -1.5586742602903849E-018  -1.3143311762819953E-019
  -2.3863680850998758E-019  -1.5449176654054113E-018  -1.0524615945023905E-017   8.9239224048552213E-017  -1.0514966293696640E-017  -1.5651673330135269E-018
   5.9438630072353151E-020  -1.4108276895546361E-019  -1.5586742602903849E-018  -1.0514966293696640E-017   1.7357792087412536E-016  -1.0510439525382418E-017
  -4.3528729400942195E-020   4.5682035187375798E-020  -1.3143311762819953E-019  -1.5651673330135269E-018  -1.0510439525382418E-017   2.8201847445651879E-016
